                  -2                     4
               -1.99              3.969901
               -1.98              3.939608
               -1.97     3.909126999999999
               -1.96              3.878464
               -1.95     3.847624999999999
               -1.94              3.816616
               -1.93     3.785442999999999
               -1.92              3.754112
               -1.91              3.722629
                -1.9                 3.691
               -1.89              3.659231
               -1.88     3.627327999999999
               -1.87              3.595297
               -1.86              3.563144
               -1.85     3.530875000000001
               -1.84              3.498496
               -1.83     3.466013000000001
               -1.82              3.433432
               -1.81              3.400759
                -1.8     3.368000000000001
               -1.79              3.335161
               -1.78              3.302248
               -1.77              3.269267
               -1.76              3.236224
               -1.75              3.203125
               -1.74     3.169975999999999
               -1.73              3.136783
               -1.72              3.103552
               -1.71              3.070289
                -1.7                 3.037
               -1.69              3.003691
               -1.68              2.970368
               -1.67     2.937036999999999
               -1.66     2.903703999999999
               -1.65              2.870375
               -1.64              2.837056
               -1.63     2.803752999999999
               -1.62              2.770472
               -1.61              2.737219
                -1.6                 2.704
               -1.59              2.670821
               -1.58              2.637688
               -1.57              2.604607
               -1.56     2.571584000000001
               -1.55              2.538625
               -1.54              2.505736
               -1.53              2.472923
               -1.52              2.440192
               -1.51              2.407549
                -1.5                 2.375
               -1.49              2.342551
               -1.48     2.310207999999999
               -1.47              2.277977
               -1.46              2.245864
               -1.45              2.213875
               -1.44              2.182016
               -1.43              2.150293
               -1.42     2.118711999999999
               -1.41     2.087279000000001
                -1.4                 2.056
               -1.39     2.024881000000001
               -1.38     1.993927999999999
               -1.37              1.963147
               -1.36              1.932544
               -1.35              1.902125
               -1.34              1.871896
               -1.33              1.841863
               -1.32     1.812031999999999
               -1.31              1.782409
                -1.3     1.752999999999999
               -1.29              1.723811
               -1.28              1.694848
               -1.27              1.666117
               -1.26     1.637624000000001
               -1.25              1.609375
               -1.24              1.581376
               -1.23              1.553633
               -1.22              1.526152
               -1.21              1.498939
                -1.2                 1.472
               -1.19              1.445341
               -1.18              1.418968
               -1.17     1.392887000000001
               -1.16              1.367104
               -1.15              1.341625
               -1.14              1.316456
               -1.13              1.291603
               -1.12     1.267072000000001
               -1.11              1.242869
                -1.1                 1.219
               -1.09     1.195470999999999
               -1.08     1.172288000000001
               -1.07              1.149457
               -1.06              1.126984
               -1.05              1.104875
               -1.04     1.083135999999999
               -1.03     1.061773000000001
               -1.02              1.040792
               -1.01     1.020199000000001
                  -1                     1
               -0.99                0.9801
               -0.98                0.9604
               -0.97                0.9409
               -0.96                0.9216
               -0.95    0.9024999999999999
 -0.9399999999999999    0.8835999999999998
 -0.9299999999999999    0.8648999999999998
               -0.92                0.8464
               -0.91    0.8281000000000001
                -0.9    0.8100000000000001
               -0.89                0.7921
               -0.88                0.7744
               -0.87                0.7569
               -0.86                0.7396
               -0.85                0.7225
               -0.84                0.7056
               -0.83                0.6889
 -0.8200000000000001    0.6724000000000001
 -0.8100000000000001    0.6561000000000001
                -0.8    0.6400000000000001
               -0.79    0.6241000000000001
               -0.78    0.6084000000000001
               -0.77                0.5929
               -0.76    0.5775999999999999
               -0.75                0.5625
               -0.74    0.5475999999999999
               -0.73    0.5328999999999999
               -0.72                0.5184
               -0.71    0.5040999999999999
                -0.7                  0.49
 -0.6899999999999999    0.4760999999999999
 -0.6799999999999999    0.4623999999999999
 -0.6699999999999999    0.4488999999999998
 -0.6599999999999999    0.4355999999999998
 -0.6499999999999999                0.4225
               -0.64    0.4095999999999999
               -0.63                0.3969
               -0.62                0.3844
               -0.61                0.3721
                -0.6                  0.36
               -0.59                0.3481
 -0.5800000000000001                0.3364
 -0.5700000000000001                0.3249
 -0.5600000000000001    0.3136000000000001
               -0.55                0.3025
               -0.54    0.2916000000000001
               -0.53                0.2809
               -0.52                0.2704
               -0.51                0.2601
                -0.5                  0.25
               -0.49                0.2401
               -0.48    0.2303999999999999
               -0.47                0.2209
               -0.46                0.2116
               -0.45    0.2024999999999999
 -0.4399999999999999                0.1936
 -0.4299999999999999                0.1849
               -0.42    0.1764000000000001
               -0.41    0.1681000000000001
                -0.4    0.1599999999999999
               -0.39    0.1521000000000001
               -0.38    0.1444000000000001
               -0.37                0.1369
               -0.36    0.1295999999999999
               -0.35    0.1225000000000001
               -0.34    0.1155999999999999
               -0.33                0.1089
               -0.32                0.1024
 -0.3099999999999999   0.09610000000000007
 -0.2999999999999999   0.09000000000000008
               -0.29   0.08410000000000006
               -0.28   0.07840000000000003
               -0.27   0.07289999999999996
               -0.26    0.0676000000000001
               -0.25                0.0625
               -0.24   0.05759999999999987
               -0.23   0.05289999999999995
               -0.22                0.0484
               -0.21   0.04410000000000003
                -0.2   0.04000000000000004
 -0.1899999999999999   0.03610000000000002
 -0.1799999999999999   0.03239999999999998
 -0.1699999999999999   0.02890000000000015
               -0.16   0.02560000000000007
               -0.15   0.02250000000000019
               -0.14   0.01959999999999984
               -0.13   0.01689999999999992
               -0.12   0.01439999999999997
               -0.11                0.0121
-0.09999999999999998   0.01000000000000001
-0.08999999999999997  0.008099999999999996
-0.07999999999999996  0.006399999999999961
-0.06999999999999995  0.004899999999999904
-0.05999999999999994   0.00360000000000027
-0.04999999999999993  0.002499999999999725
-0.04000000000000004  0.001599999999999824
-0.03000000000000003  0.0009000000000001229
-0.02000000000000002  0.0003999999999999559
-0.01000000000000001  0.000100000000000211
                   0                     0
                0.01                0.0001
                0.02  0.0004000000000000001
                0.03  0.0009000000000000004
                0.04  0.001600000000000001
                0.05                0.0025
                0.06  0.003600000000000001
 0.07000000000000001                0.0049
                0.08  0.006400000000000001
                0.09  0.008099999999999998
                 0.1                  0.01
                0.11                0.0121
                0.12                0.0144
                0.13   0.01690000000000001
                0.14                0.0196
                0.15   0.02250000000000001
                0.16                0.0256
                0.17                0.0289
                0.18   0.03240000000000001
                0.19                0.0361
                 0.2   0.04000000000000001
                0.21   0.04409999999999999
                0.22                0.0484
                0.23                0.0529
                0.24                0.0576
                0.25                0.0625
                0.26   0.06760000000000001
                0.27   0.07289999999999999
                0.28   0.07840000000000001
                0.29   0.08409999999999998
                 0.3   0.09000000000000002
                0.31   0.09609999999999999
                0.32                0.1024
                0.33    0.1089000000000001
                0.34                0.1156
                0.35                0.1225
                0.36                0.1296
                0.37                0.1369
                0.38                0.1444
                0.39                0.1521
                 0.4    0.1600000000000001
                0.41                0.1681
                0.42    0.1763999999999999
                0.43                0.1849
                0.44                0.1936
                0.45                0.2025
                0.46                0.2116
                0.47                0.2209
                0.48    0.2304000000000001
                0.49                0.2401
                 0.5                  0.25
                0.51                0.2601
                0.52    0.2704000000000001
                0.53    0.2809000000000001
                0.54    0.2915999999999999
                0.55    0.3025000000000001
  0.5600000000000001                0.3136
  0.5700000000000001    0.3249000000000001
                0.58    0.3363999999999999
                0.59    0.3480999999999999
                 0.6    0.3600000000000001
                0.61    0.3720999999999999
                0.62                0.3844
                0.63                0.3969
                0.64    0.4096000000000001
                0.65                0.4225
                0.66    0.4356000000000001
                0.67    0.4489000000000001
                0.68                0.4624
  0.6900000000000001                0.4761
  0.7000000000000001                  0.49
                0.71                0.5041
                0.72                0.5184
                0.73    0.5328999999999999
                0.74    0.5475999999999999
                0.75                0.5625
                0.76    0.5776000000000001
                0.77                0.5929
                0.78    0.6084000000000001
                0.79    0.6241000000000001
                 0.8    0.6400000000000001
  0.8100000000000001    0.6561000000000001
  0.8200000000000001    0.6724000000000001
  0.8300000000000001    0.6888999999999998
                0.84    0.7055999999999998
                0.85    0.7224999999999997
                0.86                0.7396
                0.87    0.7569000000000001
                0.88                0.7744
                0.89                0.7921
                 0.9    0.8100000000000001
                0.91    0.8281000000000001
                0.92                0.8464
                0.93    0.8649000000000002
  0.9400000000000001    0.8835999999999999
  0.9500000000000001    0.9025000000000003
                0.96    0.9216000000000002
                0.97    0.9408999999999998
                0.98    0.9603999999999999
                0.99    0.9800999999999997
                   1                     1
                1.01              1.020199
                1.02              1.040792
                1.03              1.061773
                1.04              1.083136
                1.05              1.104875
                1.06              1.126984
                1.07              1.149457
                1.08              1.172288
                1.09              1.195471
                 1.1                 1.219
                1.11              1.242869
                1.12              1.267072
                1.13              1.291603
                1.14              1.316456
                1.15              1.341625
                1.16              1.367104
                1.17              1.392887
                1.18              1.418968
                1.19              1.445341
                 1.2                 1.472
                1.21              1.498939
                1.22              1.526152
                1.23              1.553633
                1.24              1.581376
                1.25              1.609375
                1.26              1.637624
                1.27              1.666117
                1.28              1.694848
                1.29              1.723811
                 1.3                 1.753
                1.31              1.782409
                1.32              1.812032
                1.33              1.841863
                1.34              1.871896
                1.35              1.902125
                1.36     1.932543999999999
                1.37     1.963147000000001
                1.38              1.993928
                1.39              2.024881
                 1.4                 2.056
                1.41     2.087279000000001
                1.42              2.118712
                1.43              2.150293
                1.44              2.182016
                1.45              2.213875
                1.46              2.245864
                1.47              2.277977
                1.48              2.310208
                1.49              2.342551
                 1.5                 2.375
                1.51              2.407549
                1.52              2.440192
                1.53              2.472923
                1.54              2.505736
                1.55              2.538625
                1.56              2.571584
                1.57              2.604607
                1.58     2.637688000000001
                1.59     2.670820999999999
                 1.6     2.704000000000001
                1.61     2.737218999999999
                1.62     2.770472000000001
                1.63              2.803753
                1.64              2.837056
                1.65              2.870375
                1.66              2.903704
                1.67              2.937037
                1.68     2.970368000000001
                1.69              3.003691
                 1.7     3.037000000000001
                1.71              3.070289
                1.72              3.103552
                1.73     3.136782999999999
                1.74              3.169976
                1.75              3.203125
                1.76              3.236224
                1.77              3.269267
                1.78              3.302248
                1.79              3.335161
                 1.8                 3.368
                1.81     3.400759000000001
                1.82              3.433432
                1.83     3.466012999999999
                1.84              3.498496
                1.85              3.530875
                1.86     3.563143999999999
                1.87              3.595297
                1.88     3.627327999999999
                1.89              3.659231
                 1.9                 3.691
                1.91     3.722629000000001
                1.92     3.754111999999999
                1.93              3.785443
                1.94              3.816616
                1.95     3.847625000000001
                1.96     3.878464000000001
                1.97              3.909127
                1.98              3.939608
                1.99     3.969900999999999
                   2                     4
